49,0
48,4
48,3
48,2
48,1
48,0
47,3
47,2
47,1
47,0
46,8
46,7
46,6
46,5
46,4
46,3
46,2
46,1
46,0
45,7
45,6
45,5
45,4
45,3
45,2
45,1
45,0
44,3
44,2
44,1
44,0
43,4
43,3
43,2
43,1
43,0
42,4
42,3
42,2
42,1
42,0
41,4
41,3
41,2
41,1
41,0
40,5
40,4
40,3
40,2
40,1
40,0
39,4
39,3
39,2
39,1
39,0
38,4
38,3
38,2
38,1
38,0
37,5
37,4
37,3
37,2
37,1
37,0
36,7
36,6
36,5
36,4
36,3
36,2
36,1
36,0
35,5
35,4
35,3
35,2
35,1
35,0
34,4
34,3
34,2
34,1
34,0
33,4
33,3
33,2
33,1
33,0
32,4
32,3
32,2
32,1
32,0
31,4
31,3
31,2
31,1
31,0
30,3
30,2
30,1
30,0
29,4
29,3
29,2
29,1
29,0
28,4
28,3
28,2
28,1
28,0
27,3
27,2
27,1
27,0
26,3
26,2
26,1
26,0
25,5
25,4
25,3
25,2
25,1
25,0
24,3
24,2
24,1
24,0
23,5
23,4
23,3
23,2
23,1
23,0
22,3
22,2
22,1
22,0
21,4
21,3
21,2
21,1
21,0
20,4
20,3
20,2
20,1
20,0
19,3
19,2
19,1
19,0
18,3
18,2
18,1
18,0
17,4
17,3
17,2
17,1
17,0
16,4
16,3
16,2
16,1
16,0
15,6
15,5
15,4
15,3
15,2
15,1
15,0
14,4
14,3
14,2
14,1
14,0
13,3
13,2
13,1
13,0
12,3
12,2
12,1
12,0
11,3
11,2
11,1
11,0
10,6
10,5
10,4
10,3
10,2
10,1
10,0
9,3
9,2
9,1
9,0
8,8
8,7
8,6
8,5
8,4
8,3
8,2
8,1
8,0
7,3
5,9
5,8
5,7
5,6
5,5
5,4
5,3
5,2
5,0
4,3
3,2
2,2
1,2
0,53
0,52
0,51
0,9
0,2
49,1
49,2
49,4
49,5
49,7
50,0
50,2
50,4
50,5
50,7
51,0
51,2
51,4
52,0
52,2
52,3
53,1
53,2
53,4
53,6
54,0
54,2
54,3
55,0
55,2
55,3
55,5
55,6
56,0
56,1
56,3
57,0
57,1
57,3
57,4
58,0
58,2
58,3
58,5
58,6
59,0
59,1
59,3
59,5
59,6
60,0
60,1
60,3
61,0
61,1
61,3
61,4
62,1
62,3
62,4
62,6
62,7
63,1
63,2
63,4
64,0
64,1
64,3
64,4
65,0
65,2
65,3
66,0
66,1
66,3
66,4
67,0
67,2
67,3
68,0
68,1
68,3
69,0
69,1
69,3
69,4
70,1
70,2
70,4
71,1
71,2
71,4
71,5
72,1
72,3
73,0
73,2
73,3
74,0
74,2
74,3
74,5
74,6
74,7
74,4
74,1
73,4
73,1
72,2
72,0
71,3
71,0
70,3
70,0
69,2
68,4
68,2
67,4
67,1
66,5
66,2
65,4
65,1
64,5
64,2
63,5
63,3
63,0
62,5
62,2
62,0
61,2
60,4
60,2
59,7
59,4
59,2
58,7
58,4
58,1
57,5
57,2
56,4
56,2
55,7
55,4
55,1
54,4
54,1
53,5
53,3
53,0
52,1
51,3
51,1
50,6
50,3
50,1
49,6
49,3
1,45
3,44
2,44
1,44
3,43
2,43
1,43
3,42
2,42
1,42
3,41
2,41
1,41
3,40
2,40
1,40
3,39
2,39
1,39
3,38
2,38
1,38
3,37
2,37
1,37
3,36
2,36
1,36
3,35
2,35
1,35
3,34
2,34
1,34
3,33
2,33
1,33
3,32
2,32
1,32
3,31
2,31
1,31
3,30
2,30
1,30
3,29
2,29
1,29
3,28
2,28
1,28
3,27
2,27
1,27
3,26
2,26
1,26
3,25
2,25
1,25
3,24
2,24
1,24
3,23
2,23
1,23
3,22
2,22
1,22
3,21
2,21
1,21
3,20
2,20
1,20
3,19
2,19
1,19
3,18
2,18
1,18
3,17
2,17
1,17
3,16
2,16
1,16
3,15
2,15
1,15
3,14
2,14
1,14
3,13
2,13
1,13
3,12
2,12
1,12
3,11
2,11
1,11
3,10
2,10
1,10
3,9
2,9
1,9
3,8
2,8
1,8
3,7
2,7
1,7
3,6
2,6
1,6
3,5
2,5
1,5
3,4
2,4
1,4
3,3
3,0
2,3
2,0
1,3
1,0
0,6
0,0
0,47
0,46
0,49
0,48
0,45
0,12
0,50
0,10
0,8
0,11
0,5
0,7
0,4
0,3
